time,x,y,z,phi,theta,psi,x_velocity,y_velocity,z_velocity,phi_velocity,theta_velocity,psi_velocity,rotor_speed1,rotor_speed2,rotor_speed3,rotor_speed4
0.06,-8.779069582481897e-08,1.5514229191330618e-09,9.998476061797486,2.585170656210778e-06,0.00012373358354356156,0.0,-8.086426346013403e-06,1.5481021160861344e-07,-0.05079868748975077,0.00012911956757084874,0.005896837811563371,0.0,385.18384137212365,385.74100456266115,386.74380276191255,386.75596184845415
0.12000000000000001,-5.283292682815188e-06,2.0009759267170554e-07,9.999389668038173,0.00011981603189781254,0.000963760344518505,0.0,-0.00023264910258960264,1.3379627677527765e-05,0.08125220595034371,0.005374318890781837,0.026626843867774575,0.0,447.00873124639,448.69458499660243,445.83352263250333,446.26177285287383
0.18,-4.042601775378637e-05,4.031531100644921e-06,10.003317172601397,0.00048551573532762404,0.0027353897565296492,0.0,-0.001078251617453707,0.00014275998970924702,0.04966672096513462,0.007498779339729263,0.03477372497207599,0.0,392.8997874320427,393.6546310037548,392.5242232187386,392.7211948476903
0.23999999999999996,-0.00018326132508210378,2.7077802736958453e-05,10.013597264798948,0.0011670329771140686,0.005014213617488217,0.0,-0.003952637289533788,0.0006963110284562055,0.29297074016640534,0.018135471507312036,0.0437246566196402,0.0,479.44381345078625,480.1238474904895,480.28250845340034,481.0882955987801
0.3,-0.0005326876832256604,9.684918709638489e-05,10.033881007111074,0.002392409713192656,0.007898194337137454,0.0,-0.007972837356208672,0.0017460317161961739,0.383125629098748,0.024644444864582782,0.05557652472177909,0.0,434.0646678547187,435.05942129487227,432.91240827409547,433.4596523483625
0.36000000000000004,-0.0011914252922308095,0.00025801743594309237,10.060397024952326,0.0037296100769328433,0.011150007037489473,0.0,-0.014329375580406636,0.0037738960958082894,0.5006932905152912,0.017096953015421672,0.05128524515997898,0.0,442.5428085295477,442.1914651874681,443.1877937529158,442.56713712138685
0.4200000000000001,-0.00236387945298274,0.0005895255422695452,10.099321961678699,0.005379058360145628,0.015099972753846558,0.0,-0.02522355317995142,0.0074581743183434225,0.7966390750831629,0.042779637770186514,0.08528449369249792,0.0,493.55256470495254,496.0576361452313,495.2705087156872,497.1556695336736
0.48000000000000015,-0.004273075886664493,0.0011820118303312544,10.154114193221432,0.008417288376270093,0.019765553078624265,0.0,-0.03901786087499237,0.012635381335361507,1.0295754504648968,0.06295541651415658,0.05515834681487161,0.0,478.0905257246473,475.7940255249412,478.14295522896117,479.67871982488805
0.5400000000000001,-0.007209744002843249,0.002207528992956586,10.22745492898974,0.012741912049229143,0.023015772749024777,0.0,-0.05933617140996487,0.02213528350137288,1.4147051852588048,0.08591821708376379,0.052118028670418974,0.0,521.2622357067843,521.0512323400266,519.4297701976761,521.0404797151168
0.6000000000000002,-0.011220939026418084,0.0037974593251060788,10.313781076979955,0.018087546907819885,0.026324230937183835,0.0,-0.07467305717179062,0.03135722841447489,1.462757322975266,0.0947858580285647,0.060586906214885466,0.0,421.3769393370427,422.11055576347525,422.26734159929845,423.0385743805275
0.6600000000000003,-0.016266318715912668,0.006079334721548163,10.404808814102205,0.023413439425150173,0.029760125352459532,0.0,-0.09386873561584086,0.045275158819331286,1.5713346371728263,0.07264960666067788,0.0496220457592736,0.0,442.05093143345977,441.1487958405483,443.02668323491133,441.20942237204076
0.7200000000000003,-0.022491748058573853,0.009269842723468884,10.50099241205166,0.027911159924138396,0.0325026934285928,0.0,-0.11392077903593753,0.06150067142464355,1.6346757403181447,0.07922408242010325,0.03643873420278015,0.0,428.77329027990413,427.6532010921667,426.9996503287547,427.5647359546488
0.7800000000000004,-0.029979717122072255,0.0135305034828874,10.601224465727599,0.0328168494776504,0.03487306756962383,0.0,-0.13589858402876293,0.0809907002624781,1.7062646866686495,0.08640370363037374,0.04502533584109983,0.0,430.2885567462146,431.01563603414706,430.37746155931484,430.9902924121127
0.8400000000000004,-0.03887671950615519,0.019098915358047416,10.70689017759292,0.038826570080594536,0.03835732381393697,0.0,-0.1609908906290729,0.10520449223066299,1.815722460595684,0.11887519438521002,0.0761045214888814,0.0,442.11687138951925,444.6721288779824,441.319370095799,443.99949662450126
0.9000000000000005,-0.049384132652124234,0.02627849263081851,10.819768342762014,0.04598091358576806,0.04254461964187772,0.0,-0.18971990656178386,0.13486623033255957,1.9466138735987453,0.11995634665554482,0.05253415784524786,0.0,451.91411128182966,450.0138162392079,449.3331474963619,449.4334051380228
0.9600000000000005,-0.06180320101262854,0.03550421381519887,10.942856398679902,0.05293642844374169,0.046193154188281405,0.0,-0.22464009272739083,0.1734766625073501,2.155884611777339,0.10632251236989863,0.07364012240697546,0.0,473.90240610465247,475.52413732530744,474.57647235705554,473.5399153425199
1.0200000000000005,-0.07666772209121221,0.04750622912584819,11.083955552201362,0.059777843970580946,0.050178220780070504,0.0,-0.27142700043348056,0.2275081663754753,2.5465398207331007,0.1261407952419488,0.04527895404812497,0.0,526.784432682376,524.822109373846,525.2846982505636,526.6663433638504
1.0800000000000005,-0.09422113746295091,0.06268373605520157,11.244021904023128,0.06742495643553692,0.05264134166536749,0.0,-0.3139802666776748,0.2793075598263513,2.7883576221705977,0.12995045290475782,0.03087066063012718,0.0,486.8932277093853,485.8148224589925,486.57790971410697,486.87628801916907
1.1400000000000006,-0.11420914421033378,0.08093094788193167,11.415254683227042,0.07516815661971954,0.054782013853819755,0.0,-0.3524848842189968,0.32973537469669,2.9189907201520926,0.12719790499414235,0.043880021756921544,0.0,454.30231245851667,455.3447438799725,454.9327194023045,454.72708921893286
1.2000000000000006,-0.13638466126319396,0.10213165563517401,11.591205330392691,0.08271314581386324,0.057470067563232696,0.0,-0.3869394657283873,0.37763806108931164,2.9458761190892027,0.122687198435742,0.04658127820885442,0.0,423.5198500573334,423.7533831626978,421.76414563473,421.3897066993708
1.2600000000000007,-0.16070397591082586,0.12638187187586325,11.769199069201752,0.09006232269604197,0.059956089280664315,0.0,-0.42394895616464456,0.4313749089622924,2.9870464543316086,0.12208179752589673,0.028381574093842996,0.0,427.74299834329855,426.1912148227618,428.388283477601,428.35099985430264
1.3200000000000007,-0.18720207834507038,0.1538648097253601,11.948234146325843,0.09738921841010484,0.061674138627862085,0.0,-0.459471944523879,0.48535134514617034,2.9807152671094124,0.12218104233953556,0.029134511010208523,0.0,412.3454898315795,412.4122999052814,412.11738927170717,412.14093318115255
1.3800000000000008,-0.21618670582718338,0.18522860475375788,12.132074314409138,0.10438400376487689,0.06314243945729014,0.0,-0.5068390710986884,0.5608611718207216,3.1467210885513492,0.10199365605082122,0.012969773971987368,0.0,468.0539838493298,466.794298162314,468.2494343306585,466.6875772580659
1.4400000000000008,-0.24794684284412433,0.2211125852012746,12.324319734352803,0.11024813787726817,0.06477693333903378,0.0,-0.5519495627519648,0.6358541183180186,3.2610274265725905,0.08746876889508172,0.04644448093135009,0.0,451.6276965402266,454.3198394623422,453.2598394639224,452.09890963259767
1.5000000000000009,-0.28271407608564597,0.2620549205227612,12.527335160627024,0.11613998743017007,0.06720419294852942,0.0,-0.6072399321950288,0.729490342452337,3.5052835775540943,0.1138443470141402,0.02444424597444293,0.0,492.61684879620344,490.9879492547009,492.0486521499862,494.00437054436975
1.560000000000001,-0.32058333847914894,0.3082968657473315,12.740994993969695,0.12282824808208925,0.06888823050666648,0.0,-0.6552120202260329,0.8125543486566461,3.6162193948953947,0.106248019758604,0.0344740536841555,0.0,454.4770016116545,455.2804118193747,454.4827189401294,453.88413593617105
1.620000000000001,-0.3613629111247957,0.3596476018899885,12.9611945350088,0.1291583679989774,0.0709515154845457,0.0,-0.7042986796340694,0.8997316856161048,3.723265824451826,0.10396791872394517,0.03421562170838329,0.0,453.01156605743995,452.9912511944279,455.8097871050625,455.6369537026054
1.680000000000001,-0.40503767909322996,0.4161868333653389,13.18648659256179,0.13533080401695674,0.07267610610812003,0.0,-0.7517004808214678,0.9854620348743423,3.7861087172921897,0.10059289558707012,0.014590883277423299,0.0,442.1908863931742,440.5713944842997,441.74177294828877,441.4726223680077
1.740000000000001,-0.45165547945269874,0.47811396212523566,13.416452177355229,0.14108740728712732,0.0731698479515357,0.0,-0.8022801865698216,1.079308509809693,3.8789416769012335,0.0844922085856627,-0.009219779889103842,0.0,452.97774148325306,451.05871886433476,452.1334878494956,450.841947047515
1.8000000000000012,-0.5012731228277739,0.5457037586416399,13.65141258526338,0.14570280236810973,0.07224519235494142,0.0,-0.8515579537727432,1.1741078599179613,3.9526848300009676,0.054098962903255034,-0.03218882474935961,0.0,447.582525395944,445.70915174654886,448.01357475123757,445.53971229370586
1.8600000000000012,-0.5539507605233752,0.6193155895001001,13.892491471606435,0.14955863741008457,0.0709489387933182,0.0,-0.9041677826919454,1.279908565790184,4.082697489157736,0.0792955282082375,-0.006106193901916352,0.0,463.3132120091341,465.35944132767855,464.6271124558854,466.60115559605657
1.9200000000000013,-0.6096941824374894,0.6992112705300405,14.14037557921294,0.15419873747883805,0.07102540316955253,0.0,-0.9539132683519336,1.383673274924704,4.179597177680788,0.07309612996214535,0.012995754165527597,0.0,455.88083264783063,457.4047408517485,455.6734003364903,455.1820820826546
1.9800000000000013,-0.6682762217148712,0.7850899340185691,14.391928396827863,0.15842493848292616,0.07194358786666832,0.0,-0.998896861601055,1.479291016474377,4.205253409775676,0.06450591939262963,0.019558611006995488,0.0,434.1925338227245,434.7427451547593,434.7477200349269,434.0311838468341
2.0400000000000014,-0.7294122170160173,0.8764142656819311,14.642747404160367,0.16198510101098673,0.0727083401020776,0.0,-1.0390711035930482,1.5651440622606125,4.155439751780062,0.04621295675537722,-0.006567640808292335,0.0,410.7504569107569,408.4265668585754,410.36994066530644,408.74544522622267
2.1000000000000014,-0.7932081049286684,0.9734709950444065,14.893816721996064,0.16442730635203162,0.07204959831965851,0.0,-1.0874000945378623,1.6702541411279048,4.213199947390679,0.026424629159896504,-0.021713297582956356,0.0,445.6601393294318,444.4204374898614,446.12972375229634,444.5117141282894
2.1600000000000015,-0.8599402827312461,1.076984956021798,15.149030646694007,0.16587430013413762,0.07034278279245676,0.0,-1.1368468856738472,1.7802634216220856,4.293527120902809,0.01904749811849236,-0.04741673597509898,0.0,454.0167843051062,451.9492901848126,453.33407696177835,452.7409136578446
2.2200000000000015,-0.9297792956639781,1.1875393460012569,15.411563727855722,0.16712807571907273,0.06748435045552448,0.0,-1.1907644079988444,1.9048579333765006,4.456842671344702,0.024358426514695462,-0.04809179604440803,0.0,478.9240526334053,478.8715059585939,479.1795696297629,479.58312518425436
2.2800000000000016,-1.0024855892991948,1.3048301481280304,15.6793893582923,0.1681700676528468,0.06512142029542112,0.0,-1.2325545505959639,2.004891147182233,4.470547747898652,-0.0027323927291096842,-0.026024828450627265,0.0,432.9504622669669,434.8024269271229,435.4203077249233,433.1476521858374
2.3400000000000016,-1.0776536941693768,1.4281022543804647,15.947888700402384,0.16797514792130652,0.06361092921980216,0.0,-1.2729213500198306,2.104097706540132,4.479340446075341,-0.0043017921489834215,-0.023527105866797064,0.0,433.083363574585,433.2933010631804,432.3410036992563,432.20880009949593
2.4000000000000017,-1.155332359899564,1.5576075524690947,16.218655728231436,0.1672968827490111,0.06249151581023593,0.0,-1.3162389996509811,2.2125946595241848,4.5458947854168015,-0.03145202967853341,-0.01036155382726835,0.0,451.5962753010097,452.65716544438385,451.9836770239396,449.79001503222986
2.4600000000000017,-1.2355830721178067,1.6935639423270399,16.49325116473802,0.1657858755941275,0.061948935443592035,0.0,-1.3587238242092616,2.3190090713863456,4.606995309468415,-0.014924208267472455,-0.00652832286098677,0.0,449.6993954481132,450.0099528722138,450.40139911546703,451.7361640404998
2.520000000000002,-1.3181907428965902,1.835373263012858,16.76856625989517,0.16488603489217724,0.06143938397577742,0.0,-1.3948507679806397,2.4078498335742804,4.570288928528265,-0.015144014827788021,-0.012742816449732165,0.0,418.8991531946218,418.358427787459,419.6368647345287,419.6178709392739
2.580000000000002,-1.4032956521913031,1.9833843627651713,17.047081481743408,0.1648749823281035,0.06045304158247777,0.0,-1.441859867114005,2.525637219365369,4.712874071667555,0.01964863415140056,-0.025104487083160727,0.0,477.6261483844994,476.6824174148386,473.2297727726387,475.9007397737868
2.640000000000002,-1.491069214683637,2.1381010052936276,17.332012627441713,0.16634549153359046,0.058750345888361366,0.0,-1.4837635023944076,2.631589775095596,4.784422868546175,0.03278837977149904,-0.03589493939179361,0.0,455.61941472192433,454.7555568519219,455.49080227497456,456.54062957687705
2.700000000000002,-1.5813606329993681,2.2992966715551266,17.621841187886805,0.16816239522074827,0.05627619761282965,0.0,-1.5257102172630086,2.7416467561504057,4.8760138616815585,0.024727923153691385,-0.05493502415458204,0.0,463.9627205563669,462.46429103307156,462.44653204307497,461.8113397390284
2.760000000000002,-1.6740721513143568,2.466980617445121,17.916348712640826,0.16990850734795426,0.05255597195512429,0.0,-1.5643409484392323,2.84784933341282,4.9405260233840735,0.03666169466351766,-0.08243423394466809,0.0,456.66878675506683,454.4666794185735,454.59914919504735,455.554761924212
2.820000000000002,-1.7688667233031459,2.6405351449557655,18.21166828684824,0.1724279869187848,0.04765018298897061,0.0,-1.5951059794027762,2.9374520529947605,4.903559338042255,0.050947288154867126,-0.08045448425205379,0.0,423.2931908036978,423.45777728405574,422.51005380156295,423.74114778716097
2.880000000000002,-1.8656637753046468,2.820351101002152,18.509651479072893,0.1758280725334611,0.04314692143467003,0.0,-1.6309619839121339,3.056576652840146,5.028506169192274,0.06617362323961647,-0.06600061180593492,0.0,474.2349479157399,475.33992937212076,473.51401453700606,474.68601118711234
2.940000000000002,-1.9643173080147918,3.0065267141872725,18.810348174189244,0.18030505025392785,0.03910545255480535,0.0,-1.6571859333165257,3.1495777855411227,4.994741906518994,0.08764997354019863,-0.07021908274733779,0.0,425.3996623663827,425.03458316858223,425.32781240308617,427.1679825579791
3.000000000000002,-2.064593338978211,3.1988752557830824,19.111886416023122,0.1853077959799183,0.03516333946321204,0.0,-1.6849627357688504,3.26239960035416,5.056055380782421,0.07307279953306431,-0.057930038480360116,0.0,456.4556631465328,457.43236279207366,456.5497827399686,455.39044023068044
3.0600000000000023,-2.1664514599379916,3.397998049473708,19.41668292853654,0.18985012683594427,0.031246366550119475,0.0,-1.7099747180412386,3.375313483037949,5.103423446205275,0.08050745920313043,-0.08704058659348574,0.0,454.6547793295057,452.31262158979155,452.35625208146075,452.9590265908275
3.1200000000000023,-2.2697439739863947,3.604035052614414,19.72464732180004,0.19429381774376786,0.025873241608176833,0.0,-1.7326129264433774,3.4928873320475824,5.161596319867544,0.05629188138866274,-0.09511452104777189,0.0,457.3493365165,456.69920779098123,458.5560980661279,456.6320122226864
3.1800000000000024,-2.3743148266049587,3.817357833015883,20.0369300629627,0.19767197713731033,0.02030202656258151,0.0,-1.752528779166236,3.6180222013504344,5.247257558026201,0.056324189706160654,-0.08867988640217592,0.0,465.88069417838415,466.37677260699905,467.32058706200473,467.325092176734
3.2400000000000024,-2.4799640831600662,4.038135783308818,20.35382511275311,0.200963246297019,0.015550955443591086,0.0,-1.7686396234929138,3.7413882833839995,5.315412084980374,0.051741247180418386,-0.06491146804796447,0.0,462.339909913262,464.20413886673754,461.94610771175894,461.5863980155385
3.3000000000000025,-2.5864624783114762,4.2659260194379085,20.672668665758213,0.20424741034532623,0.011715205601892542,0.0,-1.7809880062311274,3.8517836653495725,5.312569288259218,0.06013621601666258,-0.06203444629688881,0.0,441.6103020116016,441.8445893221177,440.08442641362035,440.78091079813686
3.3600000000000025,-2.6936469054393557,4.500538883759675,20.992092522597375,0.2085512009443855,0.007746509031801629,0.0,-1.7914938078289637,3.968865009232891,5.334589698368256,0.08829813250451629,-0.07598253480860695,0.0,449.7201275732866,448.585415801885,448.51488074721175,450.80041255175064
3.4200000000000026,-2.8013546774082037,4.741180091512519,21.307829352307948,0.21407019145323858,0.0036334815462399916,0.0,-1.798504462429997,4.052906285386727,5.190522815290763,0.09848374463783552,-0.05676935525883572,0.0,391.98145646557737,393.7589485215929,393.8850988522155,394.83442833786427
3.4800000000000026,-2.9094523843062086,4.988184288415843,21.620691719804714,0.22026978054327184,0.0005145655051173037,0.0,-1.8044574074763722,4.180955372947123,5.237694345893296,0.11157633217124406,-0.04380987110905346,0.0,456.20102860471854,457.2331293965929,456.78387834641075,457.83583703540637
3.5400000000000027,-3.0178530307188116,5.243238632509469,21.937537439680238,0.22659599067615321,6.280515729733992,0.0,-1.8086329213634909,4.321270111588489,5.323048098978127,0.08887629797642976,-0.08743398340333314,0.0,471.4122705706408,468.0262666747652,471.1560877536946,469.40628107709307
3.6000000000000028,-3.126422735853638,5.507378950929114,22.261914711047158,0.23144980892588318,6.274869561622708,0.0,-1.8097729004172005,4.483630702450229,5.488346564517298,0.05587641161573317,-0.11278211643901197,0.0,496.8765051981696,495.00752857915427,495.99356857757624,493.56784235449106
3.660000000000003,-3.2349449419258827,5.78096503173296,22.594607018643682,0.23489758492746216,6.268101640705371,0.0,-1.8069557514455847,4.6359513156584535,5.60056968367068,0.06045966759134621,-0.11283180396174831,0.0,482.3882839686032,482.3743216690925,481.3364374632686,481.68522577156375
3.720000000000003,-3.343206832635459,6.063052096703589,22.93116078598755,0.23808562658254218,6.261340892647972,0.0,-1.8011882428092538,4.767074065539305,5.617594105774001,0.03150150429245213,-0.11237580409556805,0.0,454.18937103217627,454.2149700287874,455.53609050956294,453.21565910429
3.780000000000003,-3.4510169403697466,6.3528889252929215,23.26814516290991,0.2397918246893953,6.254399407087533,0.0,-1.7919069580489122,4.8941346536232615,5.615097228905292,0.02146921184919505,-0.12331260327479848,0.0,449.37126220271523,448.47170653558754,448.68066406499133,447.8654535318279
3.840000000000003,-3.558068785449744,6.650981974276522,23.607571575291125,0.24157663039108357,6.247148364945609,0.0,-1.7757905646594532,5.042152545696564,5.698499472942067,0.042584299530135386,-0.11633695398425455,0.0,474.5902849748912,475.11332742973525,475.78456216265386,477.39897126844613
3.900000000000003,-3.664092926434389,6.957440193138239,23.949872047623096,0.2439994038793225,6.23966971667152,0.0,-1.7577329715845837,5.173135882775234,5.711265882925339,0.0355601464595285,-0.15159099102340323,0.0,456.36756401093095,453.529497808152,455.49211139535976,454.93068616415417
3.960000000000003,-3.7689965742104428,7.271220399320834,24.29073207403415,0.2470032800952371,6.230580680586392,0.0,-1.738351417228709,5.286310888475888,5.650927252559434,0.06947885637158648,-0.15127094410203748,0.0,431.7690575290523,431.77371902065624,430.2007624731459,433.0654947728928
4.020000000000002,-3.8722552186644807,7.593355266069055,24.634061479414083,0.2509686896757968,6.221519476342401,0.0,-1.702687176107223,5.4515507792961735,5.792274822084652,0.058269255723666695,-0.15052359897110398,0.0,495.0154290247608,495.0515224658677,494.58908005878897,493.76535578605746
4.080000000000001,-3.97346953101115,7.924306727252946,24.981376351645356,0.25401014757566376,6.212213515790509,0.0,-1.670353850343496,5.580257157722732,5.784705995533864,0.02780950287083485,-0.1663153851625124,0.0,451.983295973142,450.68585927655073,452.02996928359147,449.56949596079613
4.14,-4.072679501511357,8.262652993236932,25.326917459496183,0.25648594343240383,6.202524755895112,0.0,-1.6358606950717458,5.6979842605041195,5.733466274961194,0.059693782706125055,-0.1532430463397874,0.0,436.12427570563597,437.189602147996,436.1566441889456,438.8130017867365
4.199999999999998,-4.169628137138357,8.608192729143859,25.669835791673016,0.26009418936361683,6.193387843808566,0.0,-1.5950108681478437,5.8201350450768805,5.6971058892623025,0.061009909051740925,-0.15042792462489799,0.0,441.42174490110636,441.63202803918244,442.04584620446224,442.1568922314832
4.259999999999997,-4.2636712805500725,8.961940378801707,26.01375910339123,0.26406859560889906,6.184056480207669,0.0,-1.538922511333079,5.9714790329106355,5.766274723751348,0.07505262843318275,-0.1683835175543128,0.0,475.7801998308919,474.3816823261151,475.45207185565204,476.529880100732
4.319999999999996,-4.354377818709188,9.324249998846593,26.359731458199875,0.2687890454325137,6.17398827903739,0.0,-1.4837709599520073,6.105670720750272,5.765793001521861,0.08507597946415031,-0.16666911705912102,0.0,455.30202849983044,455.41300729754806,454.64396808793026,455.4512997212596
4.379999999999995,-4.441227299658452,9.695545346479047,26.70885030155522,0.27428760415554976,6.164458494508905,0.0,-1.4103050469951683,6.2709525830352835,5.870408394370457,0.10229659729527221,-0.1465439600280331,0.0,488.285153447823,489.7628218033746,487.6579561335527,488.9490122589751
4.439999999999993,-4.524321162366383,10.074927923165767,27.05744448035054,0.2800464914307099,6.155981008297555,0.0,-1.3588266245251839,6.375501411221295,5.749723884044924,0.0787378343398895,-0.13245222750676822,0.0,417.6898402338421,418.8972558974258,418.57631856931505,416.5286888377368
4.499999999999992,-4.6041228016287725,10.460803332865554,27.399399206393884,0.2845301275947172,6.147840551624345,0.0,-1.3005836297989997,6.487241499469524,5.64899780305485,0.06517935151630734,-0.14304563340118534,0.0,425.08553039935657,424.1584499471575,424.20850583799984,423.04690846351923
4.559999999999991,-4.679944686240001,10.854140911413655,27.737801781896064,0.2884327836859315,6.139104148619715,0.0,-1.2260804337796791,6.624069324103641,5.630800064987824,0.06477285571031884,-0.15128846790809275,0.0,451.6368973949873,450.95185165369594,451.6726790941542,451.6429254652766
4.6199999999999894,-4.751108974738376,11.25577555951133,28.075310793413536,0.2923760614497599,6.1320205415824205,0.0,-1.145405159138657,6.763788584377328,5.619145921462505,0.06755286605057526,-0.08656191784408326,0.0,451.82582492146923,457.00048872067697,453.9956285080647,454.2217807728319
4.679999999999988,-4.818142157226749,11.66425125155149,28.406913046989278,0.2964449501849682,6.127035986706531,0.0,-1.0885646203262065,6.852326458348122,5.4349935513694065,0.06833335908741929,-0.07688800528087056,0.0,394.3583071704293,395.24455097103225,394.61873278373724,394.6948834172539
4.739999999999987,-4.88099904233198,12.079336584467201,28.731678447517712,0.3006261998453086,6.1230247090146825,0.0,-1.0062895946660495,6.983923988225047,5.390331803561142,0.07226553483841759,-0.05197048894642403,0.0,440.88850970483156,442.9393765639242,443.2226896138288,443.5495268106202
4.799999999999986,-4.938487957026449,12.502998617425703,29.055865482593443,0.30464351068723516,6.119908362220109,0.0,-0.9097641052605419,7.138119276606968,5.415251515502054,0.053363153718814914,-0.05187645858825128,0.0,466.65032277689966,466.6560652383378,465.9507879223457,464.47337243452137
4.859999999999984,-4.989600986050974,12.93687149644968,29.38450641982838,0.3080306660541421,6.116784460175392,0.0,-0.7938197878374276,7.324036309796917,5.5381906918102555,0.062006588661135786,-0.05244473966118413,0.0,497.57440608254285,497.53135704041904,497.3998071364936,498.03432991004297
4.919999999999983,-5.033924393874569,13.381480832573445,29.719116915807327,0.31229509448145265,6.1138060852660345,0.0,-0.6834354375864838,7.496128745528313,5.614460818303574,0.08485131259348883,-0.04455040851070131,0.0,486.4985064094157,487.0880668408174,484.40762650425796,486.1261814294808
4.979999999999982,-5.071490061191459,13.836576730045913,30.058651603149077,0.3174309597726861,6.112041224524306,0.0,-0.5686807544777844,7.673663949444695,5.702152383484489,0.0870494072332618,-0.009427089072104227,0.0,490.14761004751074,492.75126520570166,491.940918267857,492.1089425241309
5.0399999999999805,-5.102567730118899,14.301592175266329,30.40102374004126,0.3222025756720015,6.112358023473707,0.0,-0.4672895298467335,7.826872522627846,5.709576450402189,0.05693796232701219,0.024884481278346138,0.0,468.17042308298073,470.8332687270164,469.9377537860106,467.6016354049391
